facilities= 30 objectives= 3 max_distances= 172 max_flows= 9965 overlap= 0.70 seed= 20983533
 0 85 59 125 61 92 106 23 13 98 122 89 98 82 61 84 77 104 137 84 40 91 79 158 153 92 116 24 92 99 
85  0 47 120 29 92 160 62 72 103 88 131 113 90 100 89 40 99 140 92 108 131 38 172 147 107 133 100 156 65 
59 47  0 82 19 51 113 45 47 61 66 84 69 46 53 46 19 60 101 48 67 84 21 131 111 62 89 64 111 41 
125 120 82  0 100 33 92 121 118 26 44 66 31 42 69 41 80 22 21 40 102 64 82 55 29 35 32 113 108 56 
61 29 19 100  0 70 130 40 48 80 78 102 88 65 70 65 24 78 119 67 79 102 24 150 129 82 108 72 127 52 
92 92 51 33 70  0 84 88 86 10 43 54 22 11 42  8 52 11 49  9 74 52 55 80 62 18 40 83 94 37 
106 160 113 92 130 84  0 120 111 78 126 31 65 78 60 81 125 89 85 78 66 32 128 81 104 66 61 83 24 121 
23 62 45 121 40 88 120  0 11 96 111 99 100 79 67 80 61 99 136 81 56 100 62 162 150 93 119 43 110 86 
13 72 47 118 48 86 111 11  0 92 112 91 95 76 59 77 65 97 132 78 46 92 67 156 147 88 113 32 99 88 
98 103 61 26 80 10 78 96 92  0 48 48 13 16 43 15 63 11 40 14 76 46 65 70 54 12 30 86 89 46 
122 88 66 44 78 43 126 111 112 48  0 96 61 53 84 50 54 37 64 52 114 95 54 98 64 60 72 119 137 25 
89 131 84 66 102 54 31 99 91 48 96  0 36 47 33 50 95 59 65 47 52  2 98 73 84 36 38 68 42 90 
98 113 69 31 88 22 65 100 95 13 61 36  0 23 39 24 74 24 38 21 71 34 76 62 55  7 20 84 78 60 
82 90 46 42 65 11 78 79 76 16 53 47 23  0 31  3 51 22 57  2 63 46 54 85 71 16 43 72 85 42 
61 100 53 69 70 42 60 67 59 43 84 33 39 31  0 34 67 52 78 32 32 33 70 97 95 34 55 44 59 69 
84 89 46 41 65  8 81 80 77 15 50 50 24  3 34  0 50 19 56  2 66 49 52 85 69 17 43 74 88 39 
77 40 19 80 24 52 125 61 65 63 54 95 74 51 67 50  0 59 100 52 85 95  2 132 107 68 93 83 126 28 
104 99 60 22 78 11 89 99 97 11 37 59 24 22 52 19 59  0 41 20 85 57 61 73 51 23 37 94 100 38 
137 140 101 21 119 49 85 136 132 40 64 65 38 57 78 56 100 41  0 55 109 63 102 34 19 44 26 122 105 77 
84 92 48 40 67  9 78 81 78 14 52 47 21  2 32  2 52 20 55  0 65 46 55 83 69 15 41 74 86 42 
40 108 67 102 79 74 66 56 46 76 114 52 71 63 32 66 85 85 109 65  0 54 87 125 127 66 85 17 53 96 
91 131 84 64 102 52 32 100 92 46 95  2 34 46 33 49 95 57 63 46 54  0 97 71 82 34 36 70 44 89 
79 38 21 82 24 55 128 62 67 65 54 98 76 54 70 52  2 61 102 55 87 97  0 134 109 70 95 85 129 29 
158 172 131 55 150 80 81 162 156 70 98 73 62 85 97 85 132 73 34 83 125 71 134  0 40 69 42 140 104 111 
153 147 111 29 129 62 104 150 147 54 64 84 55 71 95 69 107 51 19 69 127 82 109 40  0 61 45 140 124 82 
92 107 62 35 82 18 66 93 88 12 60 36  7 16 34 17 68 23 44 15 66 34 70 69 61  0 27 78 77 55 
116 133 89 32 108 40 61 119 113 30 72 38 20 43 55 43 93 37 26 41 85 36 95 42 45 27  0 99 79 76 
24 100 64 113 72 83 83 43 32 86 119 68 84 72 44 74 83 94 122 74 17 70 85 140 140 78 99  0 68 98 
92 156 111 108 127 94 24 110 99 89 137 42 78 85 59 88 126 100 105 86 53 44 129 104 124 77 79 68  0 127 
99 65 41 56 52 37 121 86 88 46 25 90 60 42 69 39 28 38 77 42 96 89 29 111 82 55 76 98 127  0 
k=0
 0  1  0 32  0 6760 277  0  2  0 50 276  0  1 123 65  0  0 4062  0  0  0 10 1143  0 226  0 66 237 1712 
 1  0  0  6  1 40 2423  0  0  0  0  0 2550  0  0 7386  0  9 2282  0 216  6  0  1  4 1037  0 339  0 6066 
 0  0  0  2  0  1  2 980  0  0 69 16 65 25  0 41  2 1194 114 1281  0 10  0 1148 4180  0 4353  1  0 42 
32  6  2  0  5 31  2 1323  0 7454 170  1  0  0 901  3 342 785  0  8  0 3292  0 1184 542  0  0 110 2758  1 
 0  1  0  5  0  0 104  0 17  0  3  0  2 19  0 1410 26 24  2 153  0 503 1381  0  0 1116 2250  6 5408  8 
6760 40  1 31  0  0  8  0 28 822 123  0  0 7475  0 342  0  0 15  0  0  0  0  0  6 813 135 186 3220 7905 
277 2423  2  2 104  8  0  0 346 141 134 1415  0  0  0 2725 48 2660  0 22 64 2660  0 9312 18 391  5  0 147 63 
 0  0 980 1323  0  0  0  0  0 997 1232  9  0 13  0 1073 103 794 49  0 15 6589  0  5  0  0 4014 10 1109  2 
 2  0  0  0 17 28 346  0  0 288 68 310 4651 97 342 52  0 586 474 276 238  0 416  0  0 21  0 43  0  1 
 0  0  0 7454  0 822 141 997 288  0  1 12  0 27 498 79 13  3  2 77 40  5  0 41  1  3 10 3319 331  0 
50  0 69 170  3 123 134 1232 68  1  0  0  0  0 1603  0 155  0 42 273 6457  4  0 73  0 289 12  7 59 7273 
276  0 16  1  0  0 1415  9 310 12  0  0 19  0  0  0  0 127 6891  0  0  6 10 39 66  3 319  0 52  0 
 0 2550 65  0  2  0  0  0 4651  0  0 19  0  0  0 7343  0 41  7 5621  0 1038  1  0 28  0  1 15 68 25 
 1  0 25  0 19 7475  0 13 97 27  0  0  0  0 2088 262  0 29 2517 307  2  0 5805 4386  0 14 7678 24  0 1986 
123  0  0 901  0  0  0  0 342 498 1603  0  0 2088  0  0  0  8 209 241 583  0  0 108 964  0  0  0 34  0 
65 7386 41  3 1410 342 2725 1073 52 79  0  0 7343 262  0  0  3 8881 1771  0  1 10 5663  8  1  0  0 16 29  0 
 0  0  2 342 26  0 48 103  0 13 155  0  0  0  0  3  0  0 2817  0 426  6 238  0 1444  0  0 1157 96  1 
 0  9 1194 785 24  0 2660 794 586  3  0 127 41 29  8 8881  0  0  0  0  7  0  0 67  0  0 14 178 42 1189 
4062 2282 114  0  2 15  0 49 474  2 42 6891  7 2517 209 1771 2817  0  0  0 10 51  0  0 29  1  0  2  2 28 
 0  0 1281  8 153  0 22  0 276 77 273  0 5621 307 241  0  0  0  0  0  2 769  0  0  3 1499  0 36  0 5841 
 0 216  0  0  0  0 64 15 238 40 6457  0  0  2 583  1 426  7 10  2  0 43 29  0 39 4351  0 2077  0  0 
 0  6 10 3292 503  0 2660 6589  0  5  4  6 1038  0  0 10  6  0 51 769 43  0 1143 19  3 1665 4267 13  0 1833 
10  0  0  0 1381  0  0  0 416  0  0 10  1 5805  0 5663 238  0  0  0 29 1143  0  6  9  3  0 15 455 41 
1143  1 1148 1184  0  0 9312  5  0 41 73 39  0 4386 108  8  0 67  0  0  0 19  6  0  5 20 389  0 1316  0 
 0  4 4180 542  0  6 18  0  0  1  0 66 28  0 964  1 1444  0 29  3 39  3  9  5  0 8378 15 355  0  0 
226 1037  0  0 1116 813 391  0 21  3 289  3  0 14  0  0  0  0  1 1499 4351 1665  3 20 8378  0  0 633 6073 75 
 0  0 4353  0 2250 135  5 4014  0 10 12 319  1 7678  0  0  0 14  0  0  0 4267  0 389 15  0  0  1 1623  0 
66 339  1 110  6 186  0 10 43 3319  7  0 15 24  0 16 1157 178  2 36 2077 13 15  0 355 633  1  0 21  0 
237  0  0 2758 5408 3220 147 1109  0 331 59 52 68  0 34 29 96 42  2  0  0  0 455 1316  0 6073 1623 21  0 32 
1712 6066 42  1  8 7905 63  2  1  0 7273  0 25 1986  0  0  1 1189 28 5841  0 1833 41  0  0 75  0  0 32  0 
k=1
 0 10 38  0  0 1324 46  1 14  0 605 244  0  0 90  0  0 23 1401  1  6  0  0 19  0 779  0 2161 34 5077 
10  0  3  1 32 67  3 26  2 22  0  0 1335 91  0 4854  2  1  0  0  1  0  0  0 34  0 3000  6 185  0 
38  3  0 270  1  0  0 211 8431  1 12  0  0  0  0 410  0  0  0  0  0 254  3  0  0  0  9  0  0  0 
 0  1 270  0  1 4158 1227  0 768 25  0 56 21 14 7619  0 388  0 160  0  8 14  0 549  0  0  0 2695 957  2 
 0 32  1  1  0  0  0  0  8  0  0  2  0  2  6  0 555 38  0 728 13  0 4375 15  9 40 439  1 4141  0 
1324 67  0 4158  0  0  0 305  0 989  0 12 11 217  0 692  2  0 1123  0  0 345  0  0  0 9480  0 402 748  1 
46  3  0 1227  0  0  0  1 1932  0  0 247  1  0  4 157  0 1190  0  0  0  8 32 30 93 380  4 1486 279  0 
 1 26 211  0  0 305  1  0 1534 524 4176  0  2  5  0 663  3 169  0  0 923  0  2  0  0 11  0  0  0  0 
14  2 8431 768  8  0 1932 1534  0  0  0  0  0  0 4677  0  4  0 260  0 84  0 30 13 60  0 1591 5472  0  0 
 0 22  1 25  0 989  0 524  0  0  0 875 152 317 27  2 263  2  0 172  6 17  2  0  0 10  0  1 19 425 
605  0 12  0  0  0  0 4176  0  0  0  0  1  0 52  0 19 73  0 2381 37  0 73  7  0  4 164  0  8 9302 
244  0  0 56  2 12 247  0  0 875  0  0  0  0 7568  0 1696 543 1032  0 98  1 143 7992 217  4  0 10  0  4 
 0 1335  0 21  0 11  1  2  0 152  1  0  0  0 186 738  5  0  0  8  1 209  0 6784  0  0 39  0  0  3 
 0 91  0 14  2 217  0  5  0 317  0  0  0  0 42  0 25 11  0 1235  0  2 835 1338  0 11 3174  0 198  0 
90  0  0 7619  6  0  4  0 4677 27 52 7568 186 42  0  0  0  0  1 24  0  0  0 672 31 8241  5 35  2  0 
 0 4854 410  0  0 692 157 663  0  2  0  0 738  0  0  0  3 840 1917  0  0  0 59  9  0  0  0 2589 561 23 
 0  2  0 388 555  2  0  3  4 263 19 1696  5 25  0  3  0  0  0  0  0  0 55  2  0 960 1022  0  0 30 
23  1  0  0 38  0 1190 169  0  2 73 543  0 11  0 840  0  0  0 253  7 18  0 16  2 12 2338  0  5  0 
1401  0  0 160  0 1123  0  0 260  0  0 1032  0  0  1 1917  0  0  0  0 12  0  0 379 84 208 15  1 170 3969 
 1  0  0  0 728  0  0  0  0 172 2381  0  8 1235 24  0  0 253  0  0 3174 36 85  0  0 5707 35 245 37  0 
 6  1  0  8 13  0  0 923 84  6 37 98  1  0  0  0  0  7 12 3174  0 2359  9 899  0  0 3641 5061  3  0 
 0  0 254 14  0 345  8  0  0 17  0  1 209  2  0  0  0 18  0 36 2359  0 747 56  0 29  0 3986 106  0 
 0  0  3  0 4375  0 32  2 30  2 73 143  0 835  0 59 55  0  0 85  9 747  0  0 1173  0 44 79  0 406 
19  0  0 549 15  0 30  0 13  0  7 7992 6784 1338 672  9  2 16 379  0 899 56  0  0 4851  5 7340  0 870 33 
 0 34  0  0  9  0 93  0 60  0  0 217  0  0 31  0  0  2 84  0  0  0 1173 4851  0  0 898  0  2 466 
779  0  0  0 40 9480 380 11  0 10  4  4  0 11 8241  0 960 12 208 5707  0 29  0  5  0  0  0  0 3737 331 
 0 3000  9  0 439  0  4  0 1591  0 164  0 39 3174  5  0 1022 2338 15 35 3641  0 44 7340 898  0  0  0  1 827 
2161  6  0 2695  1 402 1486  0 5472  1  0 10  0  0 35 2589  0  0  1 245 5061 3986 79  0  0  0  0  0 133 2113 
34 185  0 957 4141 748 279  0  0 19  8  0  0 198  2 561  0  5 170 37  3 106  0 870  2 3737  1 133  0  0 
5077  0  0  2  0  1  0  0  0 425 9302  4  3  0  0 23 30  0 3969  0  0  0 406 33 466 331 827 2113  0  0 
k=2
 0  0 8923 2784 75 293  0 61 3156 313  0  0  0  3  0  0  0  0 260 200 6617  0  0 17 8945  0 187 127 47  0 
 0  0 182 1003  7  0 2012 11 208 1063  4 1893 2471  0 17  0 150  0  0 2199  0  0 644  0 15 7209  0  0 9252 30 
8923 182  0  8  2  0 106 2199 3883  0  0  0 537 167 428 1127  0  0  0  0 78  0 2294  0 3840  0 332  0 8971 4840 
2784 1003  8  0  0 512 4983  3 780  0  0 2929 332 280  0  0  0 1067  9  0 887  0 2627  9  0  1  1  0 227 13 
75  7  2  0  0 5268 23 58  0 628 3676  0 6255 193 3714  0 247  0  0  2 1502  0  0  0  3 291  7  0  0  0 
293  0  0 512 5268  0 7503 379 91  0 25 1548  0  0  4  2  0 4204 2303  0 635 3862  7 206 3598 77  0  0 623 1914 
 0 2012 106 4983 23 7503  0  0 4381  0  7 1091 5241  0 14  1 2237 3178 392 3235 5678 2500 12  0  0 12  0 3065  0  0 
61 11 2199  3 58 379  0  0  4 10  0  0 21 3287  1  0  0 15  5  5  3 524  9 16  0  7 6312  0  0 1373 
3156 208 3883 780  0 91 4381  4  0  0  0 37 311 765  0  0 32  0 38  3  3 28  0 96  0  0  3  2  0 2141 
313 1063  0  0 628  0  0 10  0  0 30 12 1266 28 3834  0  0  0 141 15  2  0 127 3968  0  0 318 50  0 70 
 0  4  0  0 3676 25  7  0  0 30  0  6 150  0  0 11  0  8 22  0 622  0  0  0 11  0 1057  0  8  0 
 0 1893  0 2929  0 1548 1091  0 37 12  6  0  0 1580  0 26  6  2  0 711  0 238  0  0  0 195  0  0 954  0 
 0 2471 537 332 6255  0 5241 21 311 1266 150  0  0 474  0  1 27  0  0  0 49  2  2 91 289  0  0 223  0  0 
 3  0 167 280 193  0  0 3287 765 28  0 1580 474  0 646 2529 9069  0 222  0  0  1 3034 427 13 12 27  0 55  0 
 0 17 428  0 3714  4 14  1  0 3834  0  0  0 646  0 2899 1876 1542 3409  0  0  1 876  1  0  1  6  4  0  7 
 0  0 1127  0  0  2  1  0  0  0 11 26  1 2529 2899  0  0  0  0  1 8517  0  0  0 13 976 8611  0 5175 13 
 0 150  0  0 247  0 2237  0 32  0  0  6 27 9069 1876  0  0  0  0 4127 6308  0  0 1501 101  0  0  0  5  8 
 0  0  0 1067  0 4204 3178 15  0  0  8  2  0  0 1542  0  0  0 8243 600 81 9053 83  0 210 1350  0 4086  0 890 
260  0  0  9  0 2303 392  5 38 141 22  0  0 222 3409  0  0 8243  0  4  0  0  3 4576  0 138  1  0 57  0 
200 2199  0  0  2  0 3235  5  3 15  0 711  0  0  0  1 4127 600  4  0 112  0  0 16  0  0 67  0 2142  0 
6617  0 78 887 1502 635 5678  3  3  2 622  0 49  0  0 8517 6308 81  0 112  0  0  0  0  0  0 7458  0 6432  0 
 0  0  0  0  0 3862 2500 524 28  0  0 238  2  1  1  0  0 9053  0  0  0  0  0  0 48 13 140  0  1  0 
 0 644 2294 2627  0  7 12  9  0 127  0  0  2 3034 876  0  0 83  3  0  0  0  0 53  0  0 2778  0  0  9 
17  0  0  9  0 206  0 16 96 3968  0  0 91 427  1  0 1501  0 4576 16  0  0 53  0 25 86  1 668 569 475 
8945 15 3840  0  3 3598  0  0  0  0 11  0 289 13  0 13 101 210  0  0  0 48  0 25  0 15  0  0  0 182 
 0 7209  0  1 291 77 12  7  0  0  0 195  0 12  1 976  0 1350 138  0  0 13  0 86 15  0  2  0  0 73 
187  0 332  1  7  0  0 6312  3 318 1057  0  0 27  6 8611  0  0  1 67 7458 140 2778  1  0  2  0  0  1 409 
127  0  0  0  0  0 3065  0  2 50  0  0 223  0  4  0  0 4086  0  0  0  0  0 668  0  0  0  0  3  4 
47 9252 8971 227  0 623  0  0  0  0  8 954  0 55  0 5175  5  0 57 2142 6432  1  0 569  0  0  1  3  0  0 
 0 30 4840 13  0 1914  0 1373 2141 70  0  0  0  0  7 13  8 890  0  0  0  0  9 475 182 73 409  4  0  0 
fd1 = 256.590697
fd2 = 287.968677
fd3 = 243.112404
dd = 53.041350
